           1           1   7.25510567E-02   0.00000000    
           2           1   7.25510567E-02  -1.49486709    
           3           1   7.25510567E-02  -2.96239281    
           4           1   7.25510567E-02  -4.37581825    
           5           1   7.25510567E-02  -5.70941734    
           6           1   7.25510567E-02  -6.93900204    
           7           1   7.25510567E-02  -8.04240322    
           8           1   7.25510567E-02  -8.99992943    
           9           1   7.25510567E-02  -9.79480553    
          10           1   7.25510567E-02  -10.4135685    
          11           1   7.25510567E-02  -10.8464441    
          12           1   7.25510567E-02  -11.0876856    
          13           1   7.25510567E-02  -11.1358509    
          14           1   7.25510567E-02  -10.9940624    
          15           1   7.25510567E-02  -10.6701584    
          16           1   7.25510567E-02  -10.1767740    
          17           1   7.25510567E-02  -9.53128052    
          18           1   7.25510567E-02  -8.75553513    
          19           1   7.25510567E-02  -7.87541580    
          20           1   7.25510567E-02  -6.92004013    
          21           1   7.25510567E-02  -5.92068243    
          22           1   7.25510567E-02  -4.90936184    
          23           1   7.25510567E-02  -3.91720653    
          24           1   7.25510567E-02  -2.97270489    
          25           1   7.25510567E-02  -2.10005045    
          26           1   7.25510567E-02  -1.31771553    
          27           1   7.25510567E-02 -0.637260795    
          28           1   7.25510567E-02  -6.22123070E-02
          29           1   7.25510567E-02  0.413190782    
          30           1   7.25510567E-02  0.804848969    
          31           1   7.25510567E-02   1.13722575    
          32           1   7.25510567E-02   1.43665493    
          33           1   7.25510567E-02   1.71943212    
          34           1   7.25510567E-02   1.97958219    
          35           1   7.25510567E-02   2.18378758    
          36           1   7.25510567E-02   2.27806687    
          37           1   7.25510567E-02   2.20483518    
          38           1   7.25510567E-02   1.92416286    
          39           1   7.25510567E-02   1.43137884    
          40           1   7.25510567E-02  0.764669120    
          41           1   7.25510567E-02   1.93234227E-05
           1           2   7.25510567E-02   0.00000000    
           2           2   8.00233185E-02 -0.518111289    
           3           2   8.73588547E-02  -1.03598166    
           4           2   9.44238454E-02  -1.55317104    
           5           2  0.101089656      -2.06876063    
           6           2  0.107235327      -2.58114409    
           7           2  0.112750009      -3.08783579    
           8           2  0.117535226      -3.58530998    
           9           2  0.121507086      -4.06887722    
          10           2  0.124598280      -4.53261042    
          11           2  0.126759946      -4.96932173    
          12           2  0.127963364      -5.37061071    
          13           2  0.128201365      -5.72699118    
          14           2  0.127489567      -6.02811575    
          15           2  0.125867248      -6.26311398    
          16           2  0.123397693      -6.42106247    
          17           2  0.120167822      -6.49161577    
          18           2  0.116287082      -6.46580219    
          19           2  0.111884996      -6.33697414    
          20           2  0.107107341      -6.10189199    
          21           2  0.102110639      -5.76182699    
          22           2   9.70551521E-02  -5.32352352    
          23           2   9.20966268E-02  -4.79975748    
          24           2   8.73775929E-02  -4.20918036    
          25           2   8.30190331E-02  -3.57516813    
          26           2   7.91132674E-02  -2.92360234    
          27           2   7.57180303E-02  -2.27988195    
          28           2   7.28508458E-02  -1.66589892    
          29           2   7.04826936E-02  -1.09808111    
          30           2   6.85336217E-02 -0.587487340    
          31           2   6.68804497E-02 -0.141887337    
          32           2   6.53902739E-02  0.231632531    
          33           2   6.39803559E-02  0.525242329    
          34           2   6.26798421E-02  0.730815828    
          35           2   6.16555065E-02  0.842197955    
          36           2   6.11783825E-02  0.858752787    
          37           2   6.15380555E-02  0.788343191    
          38           2   6.29357845E-02  0.647189915    
          39           2   6.53959662E-02  0.456008673    
          40           2   6.87278882E-02  0.234852389    
          41           2   7.25509599E-02   0.00000000    
           1           3   7.25510567E-02   0.00000000    
           2           3   9.40441266E-02  -8.75207558E-02
           3           3  0.115256719     -0.177952170    
           4           3  0.135911539     -0.274178177    
           5           3  0.155735999     -0.379054189    
           6           3  0.174464673     -0.495376855    
           7           3  0.191841766     -0.625838459    
           8           3  0.207623780     -0.772957683    
           9           3  0.221582398     -0.938984811    
          10           3  0.233507648      -1.12577236    
          11           3  0.243211329      -1.33460951    
          12           3  0.250531018      -1.56601501    
          13           3  0.255334705      -1.81948876    
          14           3  0.257525951      -2.09322166    
          15           3  0.257049978      -2.38377166    
          16           3  0.253900498      -2.68572521    
          17           3  0.248127103      -2.99136901    
          18           3  0.239842951      -3.29043293    
          19           3  0.229232237      -3.56997204    
          20           3  0.216555744      -3.81451011    
          21           3  0.202153310      -4.00658607    
          22           3  0.186440945      -4.12785912    
          23           3  0.169900030      -4.16090631    
          24           3  0.153056473      -4.09173203    
          25           3  0.136448920      -3.91274810    
          26           3  0.120587446      -3.62556863    
          27           3  0.105906755      -3.24255419    
          28           3   9.27195996E-02  -2.78616166    
          29           3   8.11761171E-02  -2.28657508    
          30           3   7.12394044E-02  -1.77955425    
          31           3   6.27040640E-02  -1.30487275    
          32           3   5.52938767E-02 -0.902001023    
          33           3   4.88389283E-02 -0.600454271    
          34           3   4.34548557E-02 -0.409043431    
          35           3   3.96042541E-02 -0.312060207    
          36           3   3.79756056E-02 -0.275642514    
          37           3   3.92252728E-02 -0.260528952    
          38           3   4.37015705E-02 -0.234744862    
          39           3   5.12630716E-02 -0.181272730    
          40           3   6.12431988E-02  -9.91980731E-02
          41           3   7.25509524E-02   0.00000000    
           1           4   7.25510567E-02   0.00000000    
           2           4  0.109821051      -1.71635614E-03
           3           4  0.146706343      -4.04922431E-03
           4           4  0.182825372      -7.66181992E-03
           5           4  0.217800230      -1.33201974E-02
           6           4  0.251258582      -2.19445657E-02
           7           4  0.282835513      -3.46608534E-02
           8           4  0.312175453      -5.28511666E-02
           9           4  0.338934064      -7.82006830E-02
          10           4  0.362780690     -0.112737268    
          11           4  0.383400381     -0.158857346    
          12           4  0.400497615     -0.219329968    
          13           4  0.413799345     -0.297265828    
          14           4  0.423060417     -0.396035820    
          15           4  0.428069711     -0.519116879    
          16           4  0.428658724     -0.669839501    
          17           4  0.424712181     -0.851005554    
          18           4  0.416182518      -1.06434989    
          19           4  0.403106511      -1.30982101    
          20           4  0.385625541      -1.58468497    
          21           4  0.364007652      -1.88250363    
          22           4  0.338669181      -2.19211793    
          23           4  0.310191572      -2.49688864    
          24           4  0.279327124      -2.77460861    
          25           4  0.246985868      -2.99860096    
          26           4  0.214195013      -3.14055347    
          27           4  0.182025075      -3.17528963    
          28           4  0.151483864      -3.08693123    
          29           4  0.123389453      -2.87537718    
          30           4   9.82505232E-02  -2.56222177    
          31           4   7.62131140E-02  -2.19360304    
          32           4   5.71571998E-02  -1.83291340    
          33           4   4.09734398E-02  -1.53831065    
          34           4   2.78951339E-02  -1.33539963    
          35           4   1.86442807E-02  -1.20645511    
          36           4   1.42430477E-02  -1.10504186    
          37           4   1.55798048E-02 -0.982851505    
          38           4   2.29705088E-02 -0.809721112    
          39           4   3.59130241E-02 -0.578912318    
          40           4   5.30882031E-02 -0.301829726    
          41           4   7.25509375E-02   0.00000000    
           1           5   7.25510567E-02   0.00000000    
           2           5  0.126247138       1.81223804E-04
           3           5  0.179462463       3.93395341E-04
           4           5  0.231720179       6.58480509E-04
           5           5  0.282548010       9.79957287E-04
           6           5  0.331480443       1.32916146E-03
           7           5  0.378060758       1.62619282E-03
           8           5  0.421843112       1.71329884E-03
           9           5  0.462394416       1.31850026E-03
          10           5  0.499295831       7.19094805E-06
          11           5  0.532144785      -2.88033718E-03
          12           5  0.560556412      -8.30690376E-03
          13           5  0.584165573      -1.76319573E-02
          14           5  0.602629125      -3.27182375E-02
          15           5  0.615629435      -5.60445860E-02
          16           5  0.622878432      -9.08108279E-02
          17           5  0.624124825     -0.141010284    
          18           5  0.619163811     -0.211430892    
          19           5  0.607851624     -0.307524770    
          20           5  0.590125203     -0.435066104    
          21           5  0.566029251     -0.599496365    
          22           5  0.535750806     -0.804851294    
          23           5  0.499660134      -1.05220032    
          24           5  0.458354533      -1.33763587    
          25           5  0.412697196      -1.65006471    
          26           5  0.363838017      -1.96941352    
          27           5  0.313197434      -2.26628757    
          28           5  0.262394607      -2.50440860    
          29           5  0.213105768      -2.64701915    
          30           5  0.166861326      -2.66819668    
          31           5  0.124837399      -2.56823707    
          32           5   8.77694413E-02  -2.38388324    
          33           5   5.61239906E-02  -2.17591572    
          34           5   3.04803848E-02  -1.99240792    
          35           5   1.18076764E-02  -1.83784533    
          36           5   1.32775307E-03  -1.67762005    
          37           5   0.00000000      -1.46914732    
          38           5   7.96163827E-03  -1.18850255    
          39           5   2.42267139E-02 -0.836707413    
          40           5   4.67199087E-02 -0.431974560    
          41           5   7.25509226E-02   0.00000000    
           1           6   7.25510567E-02   0.00000000    
           2           6  0.143441349      -3.65249361E-05
           3           6  0.213750377      -7.63930802E-05
           4           6  0.282901764      -1.21335965E-04
           5           6  0.350325167      -1.70262530E-04
           6           6  0.415458977      -2.18208806E-04
           7           6  0.477753222      -2.55964551E-04
           8           6  0.536672533      -2.71041150E-04
           9           6  0.591697693      -2.51075951E-04
          10           6  0.642328978      -1.91362633E-04
          11           6  0.688087702      -1.08994129E-04
          12           6  0.728518069      -6.70975933E-05
          13           6  0.763189018      -2.13816849E-04
          14           6  0.791695654      -8.41923058E-04
          15           6  0.813661098      -2.47594225E-03
          16           6  0.828737974      -5.99392410E-03
          17           6  0.836611331      -1.27894366E-02
          18           6  0.837002456      -2.49744784E-02
          19           6  0.829675555      -4.56130542E-02
          20           6  0.814447820      -7.89551735E-02
          21           6  0.791206181     -0.130607918    
          22           6  0.759931922     -0.207530335    
          23           6  0.720737696     -0.317679107    
          24           6  0.673917353     -0.469071418    
          25           6  0.620009184     -0.668017268    
          26           6  0.559868217     -0.916378736    
          27           6  0.494731724      -1.20804524    
          28           6  0.426256239      -1.52548313    
          29           6  0.356489599      -1.83811152    
          30           6  0.287745118      -2.10526133    
          31           6  0.222370833      -2.28730607    
          32           6  0.162484884      -2.36468053    
          33           6  0.109848492      -2.35045505    
          34           6   6.59993142E-02  -2.27656102    
          35           6   3.24796960E-02  -2.16125011    
          36           6   1.07905008E-02  -1.99320030    
          37           6   1.93584710E-03  -1.74749076    
          38           6   5.83774596E-03  -1.41063213    
          39           6   2.09956542E-02 -0.990473568    
          40           6   4.45343927E-02 -0.510460973    
          41           6   7.25509152E-02   0.00000000    
           1           7   7.25510567E-02   0.00000000    
           2           7  0.161570251       1.00631369E-05
           3           7  0.249902830       2.06463337E-05
           4           7  0.336868107       3.19170722E-05
           5           7  0.421792865       4.35009970E-05
           6           7  0.504014730       5.43670503E-05
           7           7  0.582885921       6.29071219E-05
           8           7  0.657776594       6.72758106E-05
           9           7  0.728078067       6.60201185E-05
          10           7  0.793205678       5.89302472E-05
          11           7  0.852602124       4.78303409E-05
          12           7  0.905739486       3.66286113E-05
          13           7  0.952122152       2.92568402E-05
          14           7  0.991288722       2.30191217E-05
          15           7   1.02281392      -6.81109350E-06
          16           7   1.04631066      -1.37685915E-04
          17           7   1.06143129      -5.55383565E-04
          18           7   1.06787002      -1.64767390E-03
          19           7   1.06536520      -4.15214337E-03
          20           7   1.05370259      -9.37487837E-03
          21           7   1.03272259      -1.94905065E-02
          22           7   1.00233042      -3.79144661E-02
          23           7  0.962515891      -6.96968734E-02
          24           7  0.913384259     -0.121810257    
          25           7  0.855205238     -0.203090534    
          26           7  0.788483262     -0.323455542    
          27           7  0.714051008     -0.491940886    
          28           7  0.633175969     -0.713214099    
          29           7  0.547657132     -0.982800543    
          30           7  0.459866285      -1.28243530    
          31           7  0.372679949      -1.57899654    
          32           7  0.289269865      -1.83223641    
          33           7  0.212816179      -2.01069093    
          34           7  0.146294773      -2.10134292    
          35           7   9.23862755E-02  -2.10077262    
          36           7   5.33116758E-02  -2.00068855    
          37           7   3.04088965E-02  -1.78873384    
          38           7   2.35821754E-02  -1.46180034    
          39           7   3.09537947E-02  -1.03438282    
          40           7   4.89167273E-02 -0.535483003    
          41           7   7.25509003E-02   0.00000000    
           1           8   7.25510567E-02   0.00000000    
           2           8  0.180802017      -3.27517546E-06
           3           8  0.288254917      -6.65461357E-06
           4           8  0.394118786      -1.01437372E-05
           5           8  0.497611463      -1.36191920E-05
           6           8  0.597964168      -1.68126280E-05
           7           8  0.694425702      -1.93448595E-05
           8           8  0.786266804      -2.08145429E-05
           9           8  0.872783840      -2.09294703E-05
          10           8  0.953302860      -1.96452402E-05
          11           8   1.02718329      -1.72489072E-05
          12           8   1.09382105      -1.43073303E-05
          13           8   1.15265203      -1.14228742E-05
          14           8   1.20315540      -8.86631096E-06
          15           8   1.24485517      -6.50277752E-06
          16           8   1.27732396      -5.18413799E-06
          17           8   1.30018437      -1.22332776E-05
          18           8   1.31311250      -5.61971101E-05
          19           8   1.31583834      -2.20073678E-04
          20           8   1.30814934      -7.08091073E-04
          21           8   1.28989291      -1.96821452E-03
          22           8   1.26097977      -4.89903800E-03
          23           8   1.22139347      -1.11701358E-02
          24           8   1.17120218      -2.36680377E-02
          25           8   1.11058497      -4.70283777E-02
          26           8   1.03987372      -8.81038085E-02
          27           8  0.959623098     -0.156035304    
          28           8  0.870712459     -0.261365175    
          29           8  0.774479926     -0.413515359    
          30           8  0.672868311     -0.616243243    
          31           8  0.568533540     -0.861830711    
          32           8  0.464840412      -1.12744606    
          33           8  0.365689278      -1.37870204    
          34           8  0.275199682      -1.57929146    
          35           8  0.197331950      -1.69754493    
          36           8  0.135439023      -1.70686603    
          37           8   9.16869864E-02  -1.58796072    
          38           8   6.64344728E-02  -1.33568156    
          39           8   5.78227825E-02 -0.964101553    
          40           8   6.17902428E-02 -0.505035818    
          41           8   7.25508779E-02   0.00000000    
           1           9   7.25510567E-02   0.00000000    
           2           9  0.201316640       1.12103294E-06
           3           9  0.329165459       2.27065016E-06
           4           9  0.455188751       3.44234672E-06
           5           9  0.578488529       4.59327384E-06
           6           9  0.698182225       5.64150696E-06
           7           9  0.813408613       6.47772367E-06
           8           9  0.923332214       6.99056454E-06
           9           9   1.02714825       7.10010454E-06
          10           9   1.12408745       6.78902370E-06
          11           9   1.21342015       6.11783025E-06
          12           9   1.29446125       5.21222046E-06
          13           9   1.36657345       4.22094399E-06
          14           9   1.42917073       3.26254167E-06
          15           9   1.48172307       2.40052964E-06
          16           9   1.52375853       1.67599728E-06
          17           9   1.55486715       1.09901600E-06
          18           9   1.57470345       6.79286387E-08
          19           9   1.58298934      -5.38711629E-06
          20           9   1.57951665      -3.14586468E-05
          21           9   1.56415033      -1.29756096E-04
          22           9   1.53683126      -4.40361910E-04
          23           9   1.49758041      -1.30067579E-03
          24           9   1.44650555      -3.44743882E-03
          25           9   1.38381207      -8.35456885E-03
          26           9   1.30982351      -1.87303107E-02
          27           9   1.22501957      -3.91233824E-02
          28           9   1.13010073      -7.64172971E-02
          29           9   1.02609038     -0.139713228    
          30           9  0.914481521     -0.238824919    
          31           9  0.797410667     -0.380598336    
          32           9  0.677805781     -0.563343167    
          33           9  0.559420586     -0.772278786    
          34           9  0.446668744     -0.979608893    
          35           9  0.344233930      -1.14887404    
          36           9  0.256463408      -1.24113894    
          37           9  0.186580613      -1.22302485    
          38           9  0.135858312      -1.07556117    
          39           9  0.102997892     -0.801454484    
          40           9   8.39802995E-02 -0.427957118    
          41           9   7.25508630E-02   0.00000000    
           1          10   7.25510567E-02   0.00000000    
           2          10  0.223305494      -3.53322577E-07
           3          10  0.373015761      -7.18897979E-07
           4          10  0.520646811      -1.09446444E-06
           5          10  0.665175915      -1.46585410E-06
           6          10  0.805598795      -1.80642235E-06
           7          10  0.940935791      -2.08108463E-06
           8          10   1.07023728      -2.25437975E-06
           9          10   1.19258964      -2.30050023E-06
          10          10   1.30712128      -2.21210894E-06
          11          10   1.41300690      -2.00440923E-06
          12          10   1.50947273      -1.71210104E-06
          13          10   1.59580231      -1.37962104E-06
          14          10   1.67133939      -1.04875994E-06
          15          10   1.73549342      -7.50046524E-07
          16          10   1.78774357      -5.01719171E-07
          17          10   1.82764161      -3.11647170E-07
          18          10   1.85481632      -1.77243578E-07
          19          10   1.86897671      -1.42126339E-07
          20          10   1.86991549      -7.62683044E-07
          21          10   1.85751200      -5.22055188E-06
          22          10   1.83173680      -2.65268118E-05
          23          10   1.79265440      -1.07952619E-04
          24          10   1.74042952      -3.73439252E-04
          25          10   1.67533267      -1.13805314E-03
          26          10   1.59775150      -3.12348455E-03
          27          10   1.50820994      -7.82793947E-03
          28          10   1.40740085      -1.80632286E-02
          29          10   1.29624569      -3.85406241E-02
          30          10   1.17599142      -7.61276037E-02
          31          10   1.04835391     -0.139022723    
          32          10  0.915694594     -0.233954027    
          33          10  0.781171918     -0.361510098    
          34          10  0.648769200     -0.511560321    
          35          10  0.523088753     -0.661167443    
          36          10  0.408834934     -0.776718736    
          37          10  0.309987307     -0.820994794    
          38          10  0.228801399     -0.763428152    
          39          10  0.164903015     -0.592189133    
          40          10  0.114855826     -0.323926210    
          41          10   7.25508407E-02   0.00000000    
           1          11   7.25510567E-02   0.00000000    
           2          11  0.246974438       8.26476878E-08
           3          11  0.420216143       1.72463416E-07
           4          11  0.591104686       2.70530421E-07
           5          11  0.758482814       3.73403367E-07
           6          11  0.921214581       4.72872557E-07
           7          11   1.07819211       5.57360750E-07
           8          11   1.22834289       6.14684438E-07
           9          11   1.37063551       6.35425920E-07
          10          11   1.50408649       6.15852343E-07
          11          11   1.62776709       5.59323325E-07
          12          11   1.74080765       4.75564718E-07
          13          11   1.84240448       3.77994638E-07
          14          11   1.93182409       2.80154040E-07
          15          11   2.00840926       1.92726873E-07
          16          11   2.07158327       1.22150055E-07
          17          11   2.12085366       7.06241678E-08
          18          11   2.15581799       3.67452913E-08
          19          11   2.17616653       1.69983938E-08
          20          11   2.18168688       1.42843393E-09
          21          11   2.17226696      -1.05363725E-07
          22          11   2.14790106      -9.89404157E-07
          23          11   2.10869193      -6.13120756E-06
          24          11   2.05485582      -2.94443380E-05
          25          11   1.98673022      -1.17682612E-04
          26          11   1.90477991      -4.07585467E-04
          27          11   1.80960774      -1.25380256E-03
          28          11   1.70197284      -3.47853964E-03
          29          11   1.58281970      -8.78147408E-03
          30          11   1.45333040      -2.02619396E-02
          31          11   1.31500971      -4.27674539E-02
          32          11   1.16981375      -8.23989213E-02
          33          11   1.02030599     -0.144399360    
          34          11  0.869776666     -0.229353756    
          35          11  0.722219706     -0.328857988    
          36          11  0.582030773     -0.423100829    
          37          11  0.453336954     -0.482900500    
          38          11  0.339006960     -0.477153391    
          39          11  0.239569768     -0.386400551    
          40          11  0.152522057     -0.216807514    
          41          11   7.25508183E-02   0.00000000    
           1          12   7.25510567E-02   0.00000000    
           2          12  0.272545815      -3.48417917E-09
           3          12  0.471209764      -1.12533716E-08
           4          12  0.667223334      -2.52858356E-08
           5          12  0.859283268      -4.55914311E-08
           6          12   1.04611063      -7.00294791E-08
           7          12   1.22645855      -9.47712877E-08
           8          12   1.39912045      -1.15296963E-07
           9          12   1.56293678      -1.27642252E-07
          10          12   1.71680295      -1.29509431E-07
          11          12   1.85967600      -1.20878397E-07
          12          12   1.99058199      -1.03910196E-07
          13          12   2.10862112      -8.21948944E-08
          14          12   2.21297455      -5.96497074E-08
          15          12   2.30291033      -3.94981505E-08
          16          12   2.37778854      -2.36684343E-08
          17          12   2.43706632      -1.26969235E-08
          18          12   2.48030210      -6.01712591E-09
          19          12   2.50716114      -2.47846321E-09
          20          12   2.51741982      -8.76830608E-10
          21          12   2.51096773      -9.84975213E-10
          22          12   2.48781490      -1.93863663E-08
          23          12   2.44809461      -2.19770129E-07
          24          12   2.39206743      -1.61850176E-06
          25          12   2.32012725      -9.02284228E-06
          26          12   2.23280764      -4.11190958E-05
          27          12   2.13078856      -1.60042066E-04
          28          12   2.01490784      -5.46349736E-04
          29          12   1.88617384      -1.66185095E-03
          30          12   1.74579191      -4.54509910E-03
          31          12   1.59520507      -1.12190638E-02
          32          12   1.43616366      -2.49755792E-02
          33          12   1.27082884      -4.99840602E-02
          34          12   1.10188866      -8.95671844E-02
          35          12  0.932615936     -0.142992139    
          36          12  0.766745389     -0.201931298    
          37          12  0.608031988     -0.248983815    
          38          12  0.459435463     -0.261091411    
          39          12  0.322079122     -0.220279217    
          40          12  0.194467187     -0.126588091    
          41          12   7.25507960E-02   0.00000000    
           1          13   7.25510567E-02   0.00000000    
           2          13  0.300261050      -9.31386523E-09
           3          13  0.526477754      -1.63805023E-08
           4          13  0.749720454      -1.96965679E-08
           5          13  0.968526602      -1.86617264E-08
           6          13   1.18146145      -1.37079752E-08
           7          13   1.38712668      -6.15144824E-09
           8          13   1.58416903       2.19007346E-09
           9          13   1.77128923       9.50014112E-09
          10          13   1.94724989       1.44346819E-08
          11          13   2.11088371       1.64180705E-08
          12          13   2.26110077       1.56808913E-08
          13          13   2.39689565       1.30491449E-08
          14          13   2.51735544       9.58516644E-09
          15          13   2.62166405       6.22858076E-09
          16          13   2.70911026       3.56621555E-09
          17          13   2.77909231       1.78443749E-09
          18          13   2.83112311       7.71501696E-10
          19          13   2.86483526       2.84836238E-10
          20          13   2.87998605       8.87509788E-11
          21          13   2.87646127       2.04893134E-11
          22          13   2.85427928      -1.21262320E-10
          23          13   2.81359553      -4.13723322E-09
          24          13   2.75470614      -5.69534109E-08
          25          13   2.67805243      -4.90266018E-07
          26          13   2.58422542      -3.12567158E-06
          27          13   2.47397137      -1.60453201E-05
          28          13   2.34819794      -6.94947666E-05
          29          13   2.20798135      -2.60837725E-04
          30          13   2.05457616      -8.61930370E-04
          31          13   1.88943160      -2.52612866E-03
          32          13   1.71422291      -6.57094037E-03
          33          13   1.53089881      -1.51260812E-02
          34          13   1.34175205      -3.06831002E-02
          35          13   1.14947772      -5.45525067E-02
          36          13  0.957134306      -8.43489170E-02
          37          13  0.767884314     -0.111835450    
          38          13  0.584414303     -0.123767547    
          39          13  0.408106565     -0.108272798    
          40          13  0.238356620      -6.35428652E-02
          41          13   7.25507662E-02   0.00000000    
           1          14   7.25510567E-02   0.00000000    
           2          14  0.330383182       6.08740125E-09
           3          14  0.586544514       1.11894627E-08
           4          14  0.839378059       1.45204071E-08
           5          14   1.08724749       1.56871014E-08
           6          14   1.32854760       1.47587205E-08
           7          14   1.56171405       1.22156552E-08
           8          14   1.78523326       8.79589557E-09
           9          14   1.99765277       5.28686428E-09
          10          14   2.19758940       2.32662689E-09
          11          14   2.38373876       2.73423562E-10
          12          14   2.55488420      -8.22970192E-10
          13          14   2.70990324      -1.15221599E-09
          14          14   2.84777737      -1.01635089E-09
          15          14   2.96759701      -7.01979586E-10
          16          14   3.06857109      -4.00082661E-10
          17          14   3.15002966      -1.90854346E-10
          18          14   3.21143198      -7.62349767E-11
          19          14   3.25237107      -2.53896053E-11
          20          14   3.27257848      -6.62505164E-12
          21          14   3.27192760      -1.42280231E-12
          22          14   3.25044012      -4.29857365E-12
          23          14   3.20828581      -1.97376386E-11
          24          14   3.14579010      -1.02790165E-09
          25          14   3.06343293      -1.73230177E-08
          26          14   2.96185589      -1.71102400E-07
          27          14   2.84186244      -1.22795689E-06
          28          14   2.70442152      -7.02847456E-06
          29          14   2.55067039      -3.36087323E-05
          30          14   2.38191724      -1.37712894E-04
          31          14   2.19964385      -4.88841906E-04
          32          14   2.00551414      -1.50549249E-03
          33          14   1.80138731      -4.01242450E-03
          34          14   1.58934462      -9.22217872E-03
          35          14   1.37171316      -1.81987621E-02
          36          14   1.15104496      -3.06153800E-02
          37          14  0.929963231      -4.33133803E-02
          38          14  0.710789323      -5.02232686E-02
          39          14  0.494983494      -4.53130864E-02
          40          14  0.282660991      -2.70764269E-02
          41          14   7.25507364E-02   0.00000000    
           1          15   7.25510567E-02   0.00000000    
           2          15  0.363199711      -2.45160914E-09
           3          15  0.651983261      -4.54588900E-09
           4          15  0.937051535      -5.97029937E-09
           5          15   1.21657777      -6.56231558E-09
           6          15   1.48876953      -6.33773167E-09
           7          15   1.75188076      -5.47080248E-09
           8          15   2.00422239      -4.23433821E-09
           9          15   2.24417281      -2.91988078E-09
          10          15   2.47018909      -1.76366866E-09
          11          15   2.68081594      -9.00637065E-10
          12          15   2.87469602      -3.57248425E-10
          13          15   3.05057812      -7.87940893E-11
          14          15   3.20732641       2.57598907E-11
          15          15   3.34392738       4.24445236E-11
          16          15   3.45949888       2.93625506E-11
          17          15   3.55329442       1.44649501E-11
          18          15   3.62471128       5.54734817E-12
          19          15   3.67329454       1.67358618E-12
          20          15   3.69874310       4.20341117E-13
          21          15   3.70091224       2.78628493E-13
          22          15   3.67981958      -7.37424824E-13
          23          15   3.63564563      -1.47125660E-12
          24          15   3.56873798       7.18058902E-12
          25          15   3.47961259      -3.05136999E-10
          26          15   3.36895537      -6.35239639E-09
          27          15   3.23762321      -6.86844501E-08
          28          15   3.08664227      -5.44719569E-07
          29          15   2.91721010      -3.46949787E-06
          30          15   2.73069024      -1.83305310E-05
          31          15   2.52860999      -8.10640195E-05
          32          15   2.31265640      -3.00279906E-04
          33          15   2.08467031      -9.31539107E-04
          34          15   1.84664571      -2.42131576E-03
          35          15   1.60072255      -5.27001405E-03
          36          15   1.34915888      -9.56497714E-03
          37          15   1.09422839      -1.43170245E-02
          38          15  0.837995768      -1.72725879E-02
          39          15  0.581984639      -1.59964506E-02
          40          15  0.326889753      -9.70715843E-03
          41          15   7.25506991E-02   0.00000000    
           1          16   7.25510567E-02   0.00000000    
           2          16  0.399025917       7.43044126E-10
           3          16  0.723422289       1.37882750E-09
           4          16   1.04367816       1.80881321E-09
           5          16   1.35775733       1.98301420E-09
           6          16   1.66366255       1.90880955E-09
           7          16   1.95944750       1.64323477E-09
           8          16   2.24322987       1.27217958E-09
           9          16   2.51320291       8.84116891E-10
          10          16   2.76764703       5.47351442E-10
          11          16   3.00494123       2.97734282E-10
          12          16   3.22357249       1.39125392E-10
          13          16   3.42214680       5.36914263E-11
          14          16   3.59939861       1.57096020E-11
          15          16   3.75419855       2.54057886E-12
          16          16   3.88556290      -4.89847963E-13
          17          16   3.99265814      -5.70781595E-13
          18          16   4.07481098      -2.52802092E-13
          19          16   4.13151073      -7.58095640E-14
          20          16   4.16241550      -2.37007289E-14
          21          16   4.16735888       3.10201151E-14
          22          16   4.14634800      -5.88750579E-15
          23          16   4.09957027      -6.83883885E-13
          24          16   4.02739286       1.52235711E-12
          25          16   3.93036509       1.21762357E-11
          26          16   3.80921626      -1.67434733E-10
          27          16   3.66485739      -2.82663803E-09
          28          16   3.49837446      -3.01360359E-08
          29          16   3.31102848      -2.71221182E-07
          30          16   3.10424709      -1.98484372E-06
          31          16   2.87961793      -1.14468712E-05
          32          16   2.63887763      -5.20297945E-05
          33          16   2.38389683      -1.88608508E-04
          34          16   2.11666512      -5.51961537E-04
          35          16   1.83926916      -1.31440209E-03
          36          16   1.55385447      -2.55119707E-03
          37          16   1.26255310      -4.00880864E-03
          38          16  0.967350960      -5.00275660E-03
          39          16  0.669907272      -4.73792152E-03
          40          16  0.371406734      -2.91389413E-03
          41          16   7.25506619E-02   0.00000000    
           1          17   7.25510567E-02   0.00000000    
           2          17  0.438207567      -1.79792584E-10
           3          17  0.801551282      -3.32818828E-10
           4          17   1.16028690      -4.33898750E-10
           5          17   1.51214838      -4.70986972E-10
           6          17   1.85491276      -4.47299559E-10
           7          17   2.18641376      -3.78701182E-10
           8          17   2.50455642      -2.87603635E-10
           9          17   2.80733013      -1.95806649E-10
          10          17   3.09282041      -1.18880711E-10
          11          17   3.35922313      -6.37808695E-11
          12          17   3.60485387      -2.98527626E-11
          13          17   3.82816124      -1.19818686E-11
          14          17   4.02773476      -4.02738259E-12
          15          17   4.20231771      -1.09305869E-12
          16          17   4.35081005      -2.23506557E-13
          17          17   4.47228479      -2.81979589E-14
          18          17   4.56598520       3.19600857E-16
          19          17   4.63133907       1.32682671E-15
          20          17   4.66795826      -4.82229833E-16
          21          17   4.67564487       1.05912587E-15
          22          17   4.65439510       1.64802474E-14
          23          17   4.60439968      -1.03291677E-13
          24          17   4.52604580      -1.23042147E-13
          25          17   4.41991377       3.35582907E-12
          26          17   4.28678131      -3.04509976E-12
          27          17   4.12761545      -1.47162449E-10
          28          17   3.94357014      -1.07555409E-09
          29          17   3.73597980      -1.34708138E-08
          30          17   3.50635076      -1.65659657E-07
          31          17   3.25635028      -1.36296899E-06
          32          17   2.98779130      -7.81248127E-06
          33          17   2.70261788      -3.31749470E-05
          34          17   2.40287900      -1.08629240E-04
          35          17   2.09070301      -2.80622480E-04
          36          17   1.76826024      -5.77789149E-04
          37          17   1.43770754      -9.46973334E-04
          38          17   1.10110962      -1.21689297E-03
          39          17  0.760345101      -1.17517915E-03
          40          17  0.417036235      -7.31362030E-04
          41          17   7.25506246E-02   0.00000000    
           1          18   7.25510567E-02   0.00000000    
           2          18  0.481125116       3.56717642E-11
           3          18  0.887128413       6.57615629E-11
           4          18   1.28800929       8.49781703E-11
           5          18   1.68124855       9.09939485E-11
           6          18   2.06437421       8.48416754E-11
           7          18   2.43497872       7.01863984E-11
           8          18   2.79073238       5.18443448E-11
           9          18   3.12939954       3.41870664E-11
          10          18   3.44885230       2.00362418E-11
          11          18   3.74708319       1.03592942E-11
          12          18   4.02221918       4.67929645E-12
          13          18   4.27253389       1.82564944E-12
          14          18   4.49645805       6.07512142E-13
          15          18   4.69259071       1.70099788E-13
          16          18   4.85970736       3.95277039E-14
          17          18   4.99677086       7.53773773E-15
          18          18   5.10293674       1.17658509E-15
          19          18   5.17755938       1.63118204E-16
          20          18   5.22019768       6.91941794E-18
          21          18   5.23062086      -2.40179104E-16
          22          18   5.20880890       2.41878750E-15
          23          18   5.15495491      -5.81762049E-15
          24          18   5.06946468      -6.12617324E-14
          25          18   4.95295620       4.36933557E-13
          26          18   4.80625677       1.02444268E-12
          27          18   4.63039970      -1.77038419E-11
          28          18   4.42661715      -4.51113244E-11
          29          18   4.19633102       1.74811337E-13
          30          18   3.94114327      -8.99062691E-09
          31          18   3.66282630      -1.34790284E-07
          32          18   3.36330175      -1.01463252E-06
          33          18   3.04462457      -5.05320259E-06
          34          18   2.70895863      -1.83800712E-05
          35          18   2.35854840      -5.10916652E-05
          36          18   1.99568570      -1.10826331E-04
          37          18   1.62266839      -1.88494887E-04
          38          18   1.24175036      -2.48571770E-04
          39          18  0.855091333      -2.44261726E-04
          40          18  0.464722693      -1.53644345E-04
          41          18   7.25505799E-02   0.00000000    
           1          19   7.25510567E-02   0.00000000    
           2          19  0.528197110      -5.89208153E-12
           3          19  0.980988204      -1.08062491E-11
           4          19   1.42809045      -1.38186025E-11
           5          19   1.86670554      -1.45641346E-11
           6          19   2.29408813      -1.32928963E-11
           7          19   2.70756340      -1.07050722E-11
           8          19   3.10454416      -7.65490362E-12
           9          19   3.48254633      -4.85979399E-12
          10          19   3.83920550      -2.72803416E-12
          11          19   4.17229128      -1.34499942E-12
          12          19   4.47972155      -5.77578458E-13
          13          19   4.75957680      -2.14078104E-13
          14          19   5.01011276      -6.78731837E-14
          15          19   5.22976875      -1.82592334E-14
          16          19   5.41718054      -4.14367713E-15
          17          19   5.57119179      -7.92122554E-16
          18          19   5.69085598      -1.28328536E-16
          19          19   5.77544832      -1.80211951E-17
          20          19   5.82447004       5.47291334E-19
          21          19   5.83765030      -2.98401303E-17
          22          19   5.81495047       1.51947454E-16
          23          19   5.75656652       2.66554572E-16
          24          19   5.66292620      -8.82125946E-15
          25          19   5.53468752       3.07698779E-14
          26          19   5.37273741       2.72884444E-13
          27          19   5.17818308      -1.99562567E-12
          28          19   4.95234776      -8.82003932E-12
          29          19   4.69676018       7.76247955E-11
          30          19   4.41314125      -2.22493378E-12
          31          19   4.10339069      -1.07821672E-08
          32          19   3.76957273      -1.13866903E-07
          33          19   3.41389418      -6.65114783E-07
          34          19   3.03868032      -2.66700067E-06
          35          19   2.64635181      -7.91948241E-06
          36          19   2.23939228      -1.79971248E-05
          37          19   1.82031798      -3.16410733E-05
          38          19   1.39164257      -4.27107334E-05
          39          19  0.955846906      -4.26393599E-05
          40          19  0.515358508      -2.70845594E-05
          41          19   7.25505278E-02   0.00000000    
           1          20   7.25510567E-02   0.00000000    
           2          20  0.579884529       8.18351029E-13
           3          20   1.08404994       1.49207664E-12
           4          20   1.58190238       1.88604514E-12
           5          20   2.07033563       1.95356968E-12
           6          20   2.54630303       1.74201506E-12
           7          20   3.00683594       1.36233689E-12
           8          20   3.44906163       9.40208631E-13
           9          20   3.87022328       5.72537298E-13
          10          20   4.26769590       3.06409222E-13
          11          20   4.63900137       1.43208552E-13
          12          20   4.98183012       5.80101220E-14
          13          20   5.29404640       2.02057050E-14
          14          20   5.57371187       6.00723135E-15
          15          20   5.81909180       1.51510636E-15
          16          20   6.02866697       3.22884010E-16
          17          20   6.20114613       5.80959384E-17
          18          20   6.33547449       8.85603635E-18
          19          20   6.43083668       1.13000110E-18
          20          20   6.48666859       3.37744513E-19
          21          20   6.50265694      -1.48226330E-18
          22          20   6.47874308       2.94628375E-18
          23          20   6.41512489       6.99885391E-17
          24          20   6.31225634      -7.28726267E-16
          25          20   6.17084217       5.56780591E-16
          26          20   5.99183607       3.58728448E-14
          27          20   5.77643347      -1.45173722E-13
          28          20   5.52606487      -1.50088839E-12
          29          20   5.24238205       8.63616210E-12
          30          20   4.92724800       6.81991477E-11
          31          20   4.58272123      -6.58313959E-10
          32          20   4.21104002      -1.10429639E-08
          33          20   3.81459832      -7.55617080E-08
          34          20   3.39592957      -3.31527445E-07
          35          20   2.95767784      -1.04507296E-06
          36          20   2.50257277      -2.47700837E-06
          37          20   2.03340364      -4.48823994E-06
          38          20   1.55299103      -6.18977947E-06
          39          20   1.06416547      -6.27067993E-06
          40          20  0.569749117      -4.01965599E-06
          41          20   7.25504756E-02   0.00000000    
           1          21   7.25510567E-02   0.00000000    
           2          21  0.636695385      -9.62668801E-14
           3          21   1.19732642      -1.74397050E-13
           4          21   1.75095606      -2.17727569E-13
           5          21   2.29413939      -2.21391536E-13
           6          21   2.82349706      -1.92598419E-13
           7          21   3.33573532      -1.46010564E-13
           8          21   3.82766867      -9.70486373E-14
           9          21   4.29623795      -5.65406486E-14
          10          21   4.73853016      -2.87599331E-14
          11          21   5.15179634      -1.26945073E-14
          12          21   5.53347158      -4.82776635E-15
          13          21   5.88118553      -1.57057633E-15
          14          21   6.19278383      -4.34246263E-16
          15          21   6.46634007      -1.01508581E-16
          16          21   6.70016241      -1.99921216E-17
          17          21   6.89281368      -3.31343965E-18
          18          21   7.04311466      -4.62548904E-19
          19          21   7.15015459      -5.52465465E-20
          20          21   7.21329546       1.39456613E-21
          21          21   7.23217630      -3.23828576E-20
          22          21   7.20671844      -2.45291648E-19
          23          21   7.13712406       5.89884002E-18
          24          21   7.02387524      -3.84928399E-17
          25          21   6.86773205      -1.16959368E-16
          26          21   6.66972637       3.11701645E-15
          27          21   6.43115425      -5.63090266E-15
          28          21   6.15356922      -1.67467331E-13
          29          21   5.83876944       5.45303603E-13
          30          21   5.48878479       9.61120159E-12
          31          21   5.10585976      -2.53672049E-11
          32          21   4.69243717      -9.26398458E-10
          33          21   4.25113869      -7.40696038E-09
          34          21   3.78474307      -3.53067726E-08
          35          21   3.29616117      -1.17530689E-07
          36          21   2.78841329      -2.89519619E-07
          37          21   2.26460433      -5.39445466E-07
          38          21   1.72789884      -7.59015165E-07
          39          21   1.18150187      -7.79619370E-07
          40          21  0.628640115      -5.04087041E-07
          41          21   7.25504085E-02   0.00000000    
           1          22   7.25510567E-02   0.00000000    
           2          22  0.699189901       9.64514130E-15
           3          22   1.32193482       1.73538840E-14
           4          22   1.93691897       2.13846986E-14
           5          22   2.54032350       2.13276594E-14
           6          22   3.12840199       1.80811414E-14
           7          22   3.69750381       1.32701027E-14
           8          22   4.24409676       8.48107239E-15
           9          22   4.76478767       4.71841609E-15
          10          22   5.25634813       2.27610437E-15
          11          22   5.71572781       9.46336761E-16
          12          22   6.14008093       3.36825801E-16
          13          22   6.52677822       1.01946583E-16
          14          22   6.87342787       2.60847055E-17
          15          22   7.17788887       5.61558318E-18
          16          22   7.43828297       1.01388014E-18
          17          22   7.65300941       1.53264250E-19
          18          22   7.82075357       1.93914578E-20
          19          22   7.94049692       2.04160413E-21
          20          22   8.01152134       2.68455122E-22
          21          22   8.03341579       5.17207906E-22
          22          22   8.00607967      -2.39683774E-20
          23          22   7.92972040       3.04931396E-19
          24          22   7.80485487      -1.24225643E-18
          25          22   7.63230419      -1.47241789E-17
          26          22   7.41319132       1.97030769E-16
          27          22   7.14892817       7.08224364E-17
          28          22   6.84121084      -1.36032627E-14
          29          22   6.49200583       1.85653783E-14
          30          22   6.10353231       8.79721643E-13
          31          22   5.67825174       1.39197342E-13
          32          22   5.21884680      -6.73393077E-11
          33          22   4.72819901      -6.26657892E-10
          34          22   4.20936966      -3.22396532E-09
          35          22   3.66557860      -1.12836718E-08
          36          22   3.10017538      -2.88087243E-08
          37          22   2.51661849      -5.51026105E-08
          38          22   1.91845131      -7.90179016E-08
          39          22   1.30928004      -8.22384294E-08
          40          22  0.692754388      -5.36150004E-08
          41          22   7.25503415E-02   0.00000000    
           1          23   7.25510567E-02   0.00000000    
           2          23  0.767986059      -8.26800612E-16
           3          23   1.45910692      -1.47694213E-15
           4          23   2.14162898      -1.79544981E-15
           5          23   2.81132174      -1.75509250E-15
           6          23   3.46403313      -1.44873889E-15
           7          23   4.09571886      -1.02823564E-15
           8          23   4.70246220      -6.31095450E-16
           9          23   5.28050518      -3.34797316E-16
          10          23   5.82626677      -1.52904032E-16
          11          23   6.33636856      -5.97668367E-17
          12          23   6.80765247      -1.98643586E-17
          13          23   7.23720503      -5.57881459E-18
          14          23   7.62237072      -1.31673784E-18
          15          23   7.96077299      -2.60051936E-19
          16          23   8.25032616      -4.28419231E-20
          17          23   8.48925209      -5.87590818E-21
          18          23   8.67608356      -6.70111212E-22
          19          23   8.80968571      -6.34578077E-23
          20          23   8.88925457      -6.64040470E-24
          21          23   8.91432285       6.00277647E-23
          22          23   8.88476372      -1.10859862E-21
          23          23   8.80079651       1.07810343E-20
          24          23   8.66297531      -1.29474276E-20
          25          23   8.47219563      -1.00210532E-18
          26          23   8.22968197       9.46238455E-18
          27          23   7.93697882       2.80656823E-17
          28          23   7.59594345      -8.57711333E-16
          29          23   7.20873213      -2.32554854E-16
          30          23   6.77778482       6.20897919E-14
          31          23   6.30580711       1.21738353E-13
          32          23   5.79575253      -4.25056171E-12
          33          23   5.25080061      -4.57901876E-11
          34          23   4.67433500      -2.52744520E-10
          35          23   4.06991816      -9.26713317E-10
          36          23   3.44126987      -2.44696818E-09
          37          23   2.79224110      -4.79836215E-09
          38          23   2.12678719      -7.00745728E-09
          39          23   1.44894850      -7.38626271E-09
          40          23  0.762823522      -4.85407092E-09
          41          23   7.25502670E-02   0.00000000    
           1          24   7.25510567E-02   0.00000000    
           2          24  0.843765318       6.08691773E-17
           3          24   1.61020184       1.07921467E-16
           4          24   2.36711526       1.29368904E-16
           5          24   3.10981941       1.23876636E-16
           6          24   3.83371520       9.94880563E-17
           7          24   4.53432322       6.82258040E-17
           8          24   5.20730543       4.01730588E-17
           9          24   5.84849787       2.02981437E-17
          10          24   6.45393324       8.76517966E-18
          11          24   7.01986837       3.21620519E-18
          12          24   7.54280281       9.96510791E-19
          13          24   8.01950645       2.59187713E-19
          14          24   8.44703484       5.63055510E-20
          15          24   8.82275295       1.01753612E-20
          16          24   9.14434528       1.52517019E-21
          17          24   9.40983391       1.89208995E-22
          18          24   9.61759281       1.93946281E-23
          19          24   9.76635265       1.64337131E-24
          20          24   9.85521603       8.19140607E-27
          21          24   9.88365364       2.26687227E-24
          22          24   9.85151577      -3.37803776E-23
          23          24   9.75903320       2.62479241E-22
          24          24   9.60680676       1.05071658E-21
          25          24   9.39581203      -4.82113076E-20
          26          24   9.12738895       3.51502129E-19
          27          24   8.80323219       2.33743457E-18
          28          24   8.42538261      -4.35048000E-17
          29          24   7.99621391      -8.09143443E-17
          30          24   7.51840973       3.56891827E-15
          31          24   6.99495268       1.21733373E-14
          32          24   6.42910194      -2.33558588E-13
          33          24   5.82437038      -2.89256011E-12
          34          24   5.18450117      -1.70382961E-11
          35          24   4.51344252      -6.52551277E-11
          36          24   3.81532288      -1.77900070E-10
          37          24   3.09442472      -3.57300300E-10
          38          24   2.35515523      -5.31089228E-10
          39          24   1.60202301      -5.66760527E-10
          40          24  0.839610875      -3.75373510E-10
          41          24   7.25501850E-02   0.00000000    
           1          25   7.25510567E-02   0.00000000    
           2          25  0.927279830      -3.86105493E-18
           3          25   1.77671933      -6.79291059E-18
           4          25   2.61561537      -8.02652970E-18
           5          25   3.43877912      -7.52498859E-18
           6          25   4.24111891      -5.87642342E-18
           7          25   5.01767302      -3.89089713E-18
           8          25   5.76363945      -2.19610518E-18
           9          25   6.47440624      -1.05582729E-18
          10          25   7.14558029      -4.30625109E-19
          11          25   7.77301359      -1.48152494E-19
          12          25   8.35282993      -4.27368486E-20
          13          25   8.88144970      -1.02794421E-20
          14          25   9.35561180      -2.05203477E-21
          15          25   9.77239132      -3.38724806E-22
          16          25   10.1292210      -4.61047768E-23
          17          25   10.4239073      -5.16367680E-24
          18          25   10.6546412      -4.74963487E-25
          19          25   10.8200130      -3.56911180E-26
          20          25   10.9190178      -4.86266843E-27
          21          25   10.9510651       5.32567454E-26
          22          25   10.9159775      -7.29851003E-25
          23          25   10.8139973       3.90804177E-24
          24          25   10.6457815       7.44750391E-23
          25          25   10.4123964      -1.77429898E-21
          26          25   10.1153135       1.00753402E-20
          27          25   9.75639534       1.27760656E-19
          28          25   9.33789062      -1.81369048E-18
          29          25   8.86241055      -6.41239841E-18
          30          25   8.33291817       1.71324404E-16
          31          25   7.75270510       8.08967340E-16
          32          25   7.12537050      -1.11997449E-14
          33          25   6.45479918      -1.58142528E-13
          34          25   5.74513578      -9.89435422E-13
          35          25   5.00075340      -3.94875755E-12
          36          25   4.22623491      -1.11002631E-11
          37          25   3.42633486      -2.28173695E-11
          38          25   2.60595655      -3.45053708E-11
          39          25   1.77011883      -3.72719251E-11
          40          25  0.923928380      -2.48751488E-11
          41          25   7.25500956E-02   0.00000000    
           1          26   7.25510567E-02   0.00000000    
           2          26   1.01936018       2.11618534E-19
           3          26   1.96031487       3.69359615E-19
           4          26   2.88959956       4.30062729E-19
           5          26   3.80147076       3.94589140E-19
           6          26   4.69029284       2.99469315E-19
           7          26   5.55057240       1.91328595E-19
           8          26   6.37699461       1.03440687E-19
           9          26   7.16445255       4.72825647E-20
          10          26   7.90808296       1.81980042E-20
          11          26   8.60329247       5.86460755E-21
          12          26   9.24578953       1.57337326E-21
          13          26   9.83160973       3.49575569E-22
          14          26   10.3571377       6.40480587E-23
          15          26   10.8191347       9.64433259E-24
          16          26   11.2147541       1.19050342E-24
          17          26   11.5415630       1.20226174E-25
          18          26   11.7975559       9.91360575E-27
          19          26   11.9811630       6.67452882E-28
          20          26   12.0912666      -7.29961755E-30
          21          26   12.1272030       8.91939565E-28
          22          26   12.0887709      -1.11792406E-26
          23          26   11.9762278       7.25016328E-27
          24          26   11.7902908       2.83587134E-24
          25          26   11.5321293      -5.17896998E-23
          26          26   11.2033634       2.15413578E-22
          27          26   10.8060446       5.29894162E-21
          28          26   10.3426485      -6.30224902E-20
          29          26   9.81605816      -3.40496879E-19
          30          26   9.22954464       6.96623801E-18
          31          26   8.58674335       4.16744445E-17
          32          26   7.89163494      -4.69806242E-16
          33          26   7.14851427      -7.49207503E-15
          34          26   6.36197042      -4.95861354E-14
          35          26   5.53685045      -2.05814641E-13
          36          26   4.67823362      -5.95968099E-13
          37          26   3.79139757      -1.25312911E-12
          38          26   2.88178682      -1.92742111E-12
          39          26   1.95497847      -2.10699080E-12
          40          26   1.01665115      -1.41684472E-12
          41          26   7.25499913E-02   0.00000000    
           1          27   7.25510567E-02   0.00000000    
           2          27   1.12092233      -1.00467233E-20
           3          27   2.16281581      -1.73933949E-20
           4          27   3.19179487      -1.99506286E-20
           5          27   4.20150471      -1.79080176E-20
           6          27   5.18570852      -1.32026435E-20
           7          27   6.13832664      -8.13486411E-21
           8          27   7.05347586      -4.21023825E-21
           9          27   7.92550659      -1.82848093E-21
          10          27   8.74903202      -6.63596256E-22
          11          27   9.51897144      -2.00158056E-22
          12          27   10.2305737      -4.98988633E-23
          13          27   10.8794451      -1.02316900E-23
          14          27   11.4615870      -1.71889872E-24
          15          27   11.9734106      -2.35885484E-25
          16          27   12.4117603      -2.63823652E-26
          17          27   12.7739420      -2.40039916E-27
          18          27   13.0577297      -1.77341868E-28
          19          27   13.2613821      -1.05979749E-29
          20          27   13.3836546      -1.02574117E-30
          21          27   13.4238071       1.07162368E-29
          22          27   13.3816099      -1.09792716E-28
          23          27   13.2573385      -1.44521215E-27
          24          27   13.0517797       7.74518058E-26
          25          27   12.7662220      -1.22298309E-24
          26          27   12.4024429       3.01130473E-24
          27          27   11.9627094       1.75846310E-22
          28          27   11.4497509      -1.84315167E-21
          29          27   10.8667536      -1.39335359E-20
          30          27   10.2173271       2.42093690E-19
          31          27   9.50549126       1.75128467E-18
          32          27   8.73564529      -1.72759781E-17
          33          27   7.91254759      -3.07960163E-16
          34          27   7.04127312      -2.14853888E-15
          35          27   6.12719059      -9.26031814E-15
          36          27   5.17593050      -2.76002349E-14
          37          27   4.19334316      -5.93412309E-14
          38          27   3.18546820      -9.28132828E-14
          39          27   2.15849590      -1.02669284E-13
          40          27   1.11872971      -6.95578916E-14
          41          27   7.25498796E-02   0.00000000    
           1          28   7.25510567E-02   0.00000000    
           2          28   1.23297834       4.14082505E-22
           3          28   2.38623881       7.10951134E-22
           4          28   3.52521229       8.03150218E-22
           5          28   4.64286661       7.05064339E-22
           6          28   5.73230076       5.04755768E-22
           7          28   6.78678942       2.99802662E-22
           8          28   7.79982328       1.48460265E-22
           9          28   8.76514816       6.12229395E-23
          10          28   9.67680740       2.09382522E-23
          11          28   10.5291758       5.90697705E-24
          12          28   11.3169937       1.36739394E-24
          13          28   12.0354013       2.58567108E-25
          14          28   12.6799717       3.98001990E-26
          15          28   13.2467270       4.97392093E-27
          16          28   13.7321777       5.03697366E-28
          17          28   14.1333370       4.12669130E-29
          18          28   14.4477348       2.73075933E-30
          19          28   14.6734467       1.45785162E-31
          20          28   14.8090868       1.86836323E-33
          21          28   14.8538294       8.94942582E-32
          22          28   14.8074131      -2.85097723E-31
          23          28   14.6701403      -4.78286315E-29
          24          28   14.4428711       1.64222929E-27
          25          28   14.1270256      -2.36367949E-26
          26          28   13.7245636       7.64426632E-27
          27          28   13.2379885       4.79558642E-24
          28          28   12.6703129      -4.56942252E-23
          29          28   12.0250521      -4.62005818E-22
          30          28   11.3062000       7.23601121E-21
          31          28   10.5181999       6.14788225E-20
          32          28   9.66591740      -5.57863737E-19
          33          28   8.75461388      -1.09973009E-17
          34          28   7.78991079      -8.06349161E-17
          35          28   6.77775145      -3.60440286E-16
          36          28   5.72437000      -1.10512060E-15
          37          28   4.63624954      -2.42887947E-15
          38          28   3.52008510      -3.86258035E-15
          39          28   2.38273907      -4.32339804E-15
          40          28   1.23120201      -2.95093277E-15
          41          28   7.25497529E-02   0.00000000    
           1          29   7.25510567E-02   0.00000000    
           2          29   1.35664535      -1.48461350E-23
           3          29   2.63281274      -2.52753085E-23
           4          29   3.89317584      -2.81155770E-23
           5          29   5.12995625      -2.41324715E-23
           6          29   6.33552027      -1.67706149E-23
           7          29   7.50242901      -9.59837040E-24
           8          29   8.62347794      -4.54563742E-24
           9          29   9.69175434      -1.77909532E-24
          10          29   10.7006636      -5.73056763E-25
          11          29   11.6439810      -1.51119791E-25
          12          29   12.5158892      -3.24633180E-26
          13          29   13.3110104      -5.65747930E-27
          14          29   14.0244436      -7.97397975E-28
          15          29   14.6517887      -9.06979814E-29
          16          29   15.1891813      -8.31199541E-30
          17          29   15.6333132      -6.12968582E-31
          18          29   15.9814510      -3.63250706E-32
          19          29   16.2314587      -1.72613503E-33
          20          29   16.3817978      -9.11976470E-35
          21          29   16.4315548       3.80411668E-34
          22          29   16.3804321       1.26514343E-32
          23          29   16.2287579      -9.63045658E-31
          24          29   15.9774799       2.80016311E-29
          25          29   15.6281624      -3.76222181E-28
          26          29   15.1829691      -9.82788377E-28
          27          29   14.6446619       1.09215993E-25
          28          29   14.0165701      -9.65537250E-25
          29          29   13.3025789      -1.27236030E-23
          30          29   12.5071020       1.86881414E-22
          31          29   11.6350508       1.82726439E-21
          32          29   10.6918077      -1.58393471E-20
          33          29   9.68319416      -3.41614168E-19
          34          29   8.61542988      -2.62581248E-18
          35          29   7.49509382      -1.21611928E-17
          36          29   6.32908726      -3.83405129E-17
          37          29   5.12459135      -8.61249403E-17
          38          29   3.88901973      -1.39247915E-16
          39          29   2.62997627      -1.57703823E-16
          40          29   1.35520577      -1.08441519E-16
          41          29   7.25496188E-02   0.00000000    
           1          30   7.25510567E-02   0.00000000    
           2          30   1.49315727       4.63869293E-25
           3          30   2.90499616       7.82985223E-25
           4          30   4.29935646       8.57467941E-25
           5          30   5.66763353       7.19437300E-25
           6          30   7.00138569       4.85187766E-25
           7          30   8.29238319       2.67488435E-25
           8          30   9.53266144       1.21102857E-25
           9          30   10.7145672       4.49642797E-26
          10          30   11.8308115       1.36341634E-26
          11          30   12.8745089       3.35913421E-27
          12          30   13.8392210       6.69283671E-28
          13          30   14.7190008       1.07438062E-28
          14          30   15.5084219       1.38588068E-29
          15          30   16.2026215       1.43401020E-30
          16          30   16.7973175       1.18885243E-31
          17          30   17.2888489       7.88952135E-33
          18          30   17.6741905       4.18677797E-34
          19          30   17.9509773       1.77453715E-35
          20          30   18.1175022       5.32123474E-37
          21          30   18.1727505      -1.96049341E-36
          22          30   18.1163902       2.93033247E-34
          23          30   17.9487762      -1.44161128E-32
          24          30   17.6709576       3.91502414E-31
          25          30   17.2846546      -4.93934714E-30
          26          30   16.7922592      -3.42045218E-29
          27          30   16.1968193       2.09961743E-27
          28          30   15.5020151      -1.74646440E-26
          29          30   14.7121420      -2.95292552E-25
          30          30   13.8320770       4.18553543E-24
          31          30   12.8672533       4.63767413E-23
          32          30   11.8236208      -3.95775959E-22
          33          30   10.7076197      -9.24263990E-21
          34          30   9.52613068      -7.43189986E-20
          35          30   8.28643513      -3.56355534E-19
          36          30   6.99617100      -1.15488993E-18
          37          30   5.66328573      -2.65118934E-18
          38          30   4.29598904      -4.35791172E-18
          39          30   2.90269828      -4.99388540E-18
          40          30   1.49199057      -3.45946785E-18
          41          30   7.25494698E-02   0.00000000    
           1          31   7.25510567E-02   0.00000000    
           2          31   1.64387631      -1.26519191E-26
           3          31   3.20550656      -2.11709621E-26
           4          31   4.74780798      -2.28217706E-26
           5          31   6.26126528      -1.87135356E-26
           6          31   7.73654270      -1.22443007E-26
           7          31   9.16453838      -6.50051199E-27
           8          31   10.5364447      -2.81255279E-27
           9          31   11.8437996      -9.90273022E-28
          10          31   13.0785379      -2.82548704E-28
          11          31   14.2330456      -6.50085194E-29
          12          31   15.3002043      -1.20077376E-29
          13          31   16.2734318      -1.77469968E-30
          14          31   17.1467266      -2.09419373E-31
          15          31   17.9147110      -1.97050866E-32
          16          31   18.5726471      -1.47737379E-33
          17          31   19.1164799      -8.82119315E-35
          18          31   19.5428677      -4.19199158E-36
          19          31   19.8491840      -1.58404908E-37
          20          31   20.0335426      -4.27329330E-39
          21          31   20.0948162      -5.72888928E-38
          22          31   20.0326366       3.92797995E-36
          23          31   19.8473930      -1.70899533E-34
          24          31   19.5402374       4.54291943E-33
          25          31   19.1130695      -5.32769422E-32
          26          31   18.5685329      -7.30100294E-31
          27          31   17.9099960       3.43386960E-29
          28          31   17.1415234      -2.71363192E-28
          29          31   16.2678623      -5.83063697E-27
          30          31   15.2944050       8.15284787E-26
          31          31   14.2271595       1.01114515E-24
          32          31   13.0727072      -8.70736147E-24
          33          31   11.8381681      -2.18076318E-22
          34          31   10.5311527      -1.83119370E-21
          35          31   9.15972042      -9.08523809E-21
          36          31   7.73231983      -3.02609228E-20
          37          31   6.25774574      -7.09890538E-20
          38          31   4.74508190      -1.18634941E-19
          39          31   3.20364642      -1.37559154E-19
          40          31   1.64293182      -9.60021942E-20
          41          31   7.25492984E-02   0.00000000    
           1          32   7.25510567E-02   0.00000000    
           2          32   1.81030726       3.01688404E-28
           3          32   3.53734374       5.00410140E-28
           4          32   5.24300718       5.30907626E-28
           5          32   6.91677761       4.25382939E-28
           6          32   8.54832840       2.69976474E-28
           7          32   10.1275997       1.37989643E-28
           8          32   11.6448517       5.70392079E-29
           9          32   13.0907230       1.90379845E-29
          10          32   14.4562988       5.10943873E-30
          11          32   15.7331562       1.09736874E-30
          12          32   16.9134254       1.87832536E-31
          13          32   17.9898224       2.55489201E-32
          14          32   18.9557190       2.75691353E-33
          15          32   19.8051567       2.35818126E-34
          16          32   20.5328999       1.59852969E-35
          17          32   21.1344662       8.58659826E-37
          18          32   21.6061478       3.65425905E-38
          19          32   21.9450436       1.23146529E-39
          20          32   22.1490688       4.09319281E-41
          21          32   22.2169704      -6.43721482E-40
          22          32   22.1483364       3.89187387E-38
          23          32   21.9435959      -1.65263320E-36
          24          32   21.6040173       4.40969601E-35
          25          32   21.1317005      -4.65972435E-34
          26          32   20.5295696      -1.17969689E-32
          27          32   19.8013401       4.80617416E-31
          28          32   18.9515076      -3.63236669E-30
          29          32   17.9853191      -9.86152808E-29
          30          32   16.9087334       1.38442739E-27
          31          32   15.7283955       1.90226458E-26
          32          32   14.4515839      -1.68714150E-25
          33          32   13.0861702      -4.49263346E-24
          34          32   11.6405745      -3.93401084E-23
          35          32   10.1237087      -2.01868231E-22
          36          32   8.54491806      -6.90956880E-22
          37          32   6.91393471      -1.65641726E-21
          38          32   5.24080658      -2.81444063E-21
          39          32   3.53584146      -3.30220113E-21
          40          32   1.80954432      -2.32179561E-21
          41          32   7.25491196E-02   0.00000000    
           1          33   7.25510567E-02   0.00000000    
           2          33   1.99411201      -6.29815767E-30
           3          33   3.90382123      -1.03544434E-29
           4          33   5.78990078      -1.08106360E-29
           5          33   7.64071655      -8.46254069E-30
           6          33   9.44485569      -5.20875089E-30
           7          33   11.1911898      -2.56250283E-30
           8          33   12.8689518      -1.01170003E-30
           9          33   14.4677944      -3.20008636E-31
          10          33   15.9778557      -8.07572319E-32
          11          33   17.3898277      -1.61847440E-32
          12          33   18.6949997      -2.56619270E-33
          13          33   19.8853283      -3.21121868E-34
          14          33   20.9534740      -3.16761921E-35
          15          33   21.8928509      -2.46239449E-36
          16          33   22.6976681      -1.50885474E-37
          17          33   23.3629704      -7.29083400E-39
          18          33   23.8846531      -2.77891498E-40
          19          33   24.2595081      -8.35454144E-42
          20          33   24.4852276      -1.28919459E-43
          21          33   24.5604210      -5.07970693E-42
          22          33   24.4846363       3.05861416E-40
          23          33   24.2583389      -1.32576764E-38
          24          33   23.8829327       3.59873692E-37
          25          33   23.3607388      -3.19627848E-36
          26          33   22.6949825      -1.53731679E-34
          27          33   21.8897724       5.78420950E-33
          28          33   20.9500790      -4.19864042E-32
          29          33   19.8816986      -1.43600421E-30
          30          33   18.6912231       2.05349873E-29
          31          33   17.3859940       3.09873437E-28
          32          33   15.9740591      -2.87918226E-27
          33          33   14.4641294      -8.09070967E-26
          34          33   12.8655109      -7.37968924E-25
          35          33   11.1880579      -3.91531428E-24
          36          33   9.44211102      -1.37709429E-23
          37          33   7.63843060      -3.37371828E-23
          38          33   5.78812981      -5.82853729E-23
          39          33   3.90261269      -6.92036244E-23
          40          33   1.99349809      -4.90218298E-23
          41          33   7.25489110E-02   0.00000000    
           1          34   7.25510567E-02   0.00000000    
           2          34   2.19712710       1.15262029E-31
           3          34   4.30860043       1.87807181E-31
           4          34   6.39394951       1.92940377E-31
           5          34   8.44031334       1.47538094E-31
           6          34   10.4350748       8.80551063E-32
           7          34   12.3659306       4.16880755E-32
           8          34   14.2209749       1.57166489E-32
           9          34   15.9887667       4.70995056E-33
          10          34   17.6584110       1.11730665E-33
          11          34   19.2196064       2.08881168E-34
          12          34   20.6627254       3.06690551E-35
          13          34   21.9788780       3.52952510E-36
          14          34   23.1599464       3.18171498E-37
          15          34   24.1986485       2.24724147E-38
          16          34   25.0885792       1.24454782E-39
          17          34   25.8242569       5.40901207E-41
          18          34   26.4011517       1.84691138E-42
          19          34   26.8157043       4.76441478E-44
          20          34   27.0653648       0.00000000    
          21          34   27.1485939      -2.94272678E-44
          22          34   27.0648918       1.96882434E-42
          23          34   26.8147659      -8.91786343E-41
          24          34   26.3997726       2.47601031E-39
          25          34   25.8224735      -1.56003055E-38
          26          34   25.0864277      -1.66281600E-36
          27          34   24.1961823       6.00905251E-35
          28          34   23.1572285      -4.19914959E-34
          29          34   21.9759750      -1.80757809E-32
          30          34   20.6597061       2.66509372E-31
          31          34   19.2165394       4.38312578E-30
          32          34   17.6553745      -4.32740449E-29
          33          34   15.9858389      -1.27515196E-27
          34          34   14.2182236      -1.21043796E-26
          35          34   12.3634272      -6.63861334E-26
          36          34   10.4328823      -2.39932094E-25
          37          34   8.43848705      -6.00744105E-25
          38          34   6.39253473      -1.05536681E-24
          39          34   4.30763483      -1.26811412E-24
          40          34   2.19663596      -9.05051045E-25
          41          34   7.25486875E-02   0.00000000    
           1          35   7.25510567E-02   0.00000000    
           2          35   2.42138052      -1.85140415E-33
           3          35   4.75572491      -2.98958519E-33
           4          35   7.06119061      -3.02182533E-33
           5          35   9.32355881      -2.25700958E-33
           6          35   11.5288811      -1.30599636E-33
           7          35   13.6635571      -5.94913191E-34
           8          35   15.7144270      -2.14128786E-34
           9          35   17.6688423      -6.07818971E-35
          10          35   19.5147514      -1.35502744E-35
          11          35   21.2407742      -2.36236931E-36
          12          35   22.8362694      -3.21093709E-37
          13          35   24.2913971      -3.39743636E-38
          14          35   25.5971870      -2.79807214E-39
          15          35   26.7455902      -1.79520346E-40
          16          35   27.7295265      -8.98092186E-42
          17          35   28.5429287      -3.46120721E-43
          18          35   29.1807899      -7.00649232E-45
          19          35   29.6391811       0.00000000    
          20          35   29.9152718       0.00000000    
          21          35   30.0073643       0.00000000    
          22          35   29.9148979       7.00649232E-45
          23          35   29.6384392      -4.98862253E-43
          24          35   29.1797028       1.43605067E-41
          25          35   28.5415192      -3.19496050E-41
          26          35   27.7278233      -1.51700536E-38
          27          35   26.7436390       5.40638929E-37
          28          35   25.5950356      -3.63952035E-36
          29          35   24.2890987      -1.97328744E-34
          30          35   22.8338776       3.03077837E-33
          31          35   21.2383499       5.39636072E-32
          32          35   19.5123520      -5.72807300E-31
          33          35   17.6665268      -1.76078266E-29
          34          35   15.7122517      -1.73826829E-28
          35          35   13.6615791      -9.85381641E-28
          36          35   11.5271473      -3.65971949E-27
          37          35   9.32211399      -9.36579655E-27
          38          35   7.06007147      -1.67325564E-26
          39          35   4.75496149      -2.03485792E-26
          40          35   2.42099166      -1.46325085E-26
          41          35   7.25484341E-02   0.00000000    
           1          36   7.25510567E-02   0.00000000    
           2          36   2.66911244       2.61304531E-35
           3          36   5.24966240       4.18133701E-35
           4          36   7.79828882       4.15803232E-35
           5          36   10.2992764       3.03314994E-35
           6          36   12.7372036       1.70141457E-35
           7          36   15.0970383       7.45613326E-36
           8          36   17.3642349       2.56172157E-36
           9          36   19.5248051       6.88623042E-37
          10          36   21.5654297       1.44233297E-37
          11          36   23.4735298       2.34433043E-38
          12          36   25.2373409       2.94890790E-39
          13          36   26.8459873       2.86788342E-40
          14          36   28.2895508       2.15687860E-41
          15          36   29.5591297       1.25416213E-42
          16          36   30.6469021       5.32493416E-44
          17          36   31.5461597       0.00000000    
          18          36   32.2513657       0.00000000    
          19          36   32.7581635       0.00000000    
          20          36   33.0634384       0.00000000    
          21          36   33.1653061       0.00000000    
          22          36   33.0631409       0.00000000    
          23          36   32.7575836       0.00000000    
          24          36   32.2505150       6.72623263E-44
          25          36   31.5450611       3.13890856E-43
          26          36   30.6455784      -1.17936081E-40
          27          36   29.5576134       4.22443142E-39
          28          36   28.2878780      -2.73719609E-38
          29          36   26.8442001      -1.87337973E-36
          30          36   25.2354832       3.02391215E-35
          31          36   23.4716473       5.79456542E-34
          32          36   21.5635681      -6.67747721E-33
          33          36   19.5230045      -2.13245208E-31
          34          36   17.3625450      -2.18825402E-30
          35          36   15.0955019      -1.28207877E-29
          36          36   12.7358570      -4.89354634E-29
          37          36   10.2981529      -1.28015962E-28
          38          36   7.79741907      -2.32611002E-28
          39          36   5.24906778      -2.86320686E-28
          40          36   2.66880918      -2.07455324E-28
          41          36   7.25481585E-02   0.00000000    
           1          37   7.25510567E-02   0.00000000    
           2          37   2.94279861      -3.24398666E-37
           3          37   5.79534864      -5.14379582E-37
           4          37   8.61261082      -5.03202198E-37
           5          37   11.3772163      -3.58472685E-37
           6          37   14.0721178      -1.94911446E-37
           7          37   16.6807003      -8.21635716E-38
           8          37   19.1868801      -2.69418295E-38
           9          37   21.5751991      -6.85716715E-39
          10          37   23.8309383      -1.34908889E-39
          11          37   25.9401875      -2.04376578E-40
          12          37   27.8899441      -2.37814362E-41
          13          37   29.6681862      -2.11876328E-42
          14          37   31.2639484      -1.42932443E-43
          15          37   32.6673927      -4.20389539E-45
          16          37   33.8698692       0.00000000    
          17          37   34.8639603       0.00000000    
          18          37   35.6435471       0.00000000    
          19          37   36.2038231       0.00000000    
          20          37   36.5413284       0.00000000    
          21          37   36.6539803       0.00000000    
          22          37   36.5411034       0.00000000    
          23          37   36.2033806       0.00000000    
          24          37   35.6429062       0.00000000    
          25          37   34.8631287       4.20389539E-45
          26          37   33.8688660      -7.84727140E-43
          27          37   32.6662445       2.87322237E-41
          28          37   31.2626820      -1.78793072E-40
          29          37   29.6668358      -1.55031422E-38
          30          37   27.8885403       2.64998813E-37
          31          37   25.9387665       5.43646084E-36
          32          37   23.8295307      -6.85598011E-35
          33          37   21.5738411      -2.26738479E-33
          34          37   19.1856022      -2.41764041E-32
          35          37   16.6795387      -1.46399417E-31
          36          37   14.0711002      -5.74326792E-31
          37          37   11.3763676      -1.53602025E-30
          38          37   8.61195278      -2.83896330E-30
          39          37   5.79489851      -3.53727165E-30
          40          37   2.94256878      -2.58253325E-30
          41          37   7.25478604E-02   0.00000000    
           1          38   7.25510567E-02   0.00000000    
           2          38   3.24517417       3.54588627E-39
           3          38   6.39823580       5.57116613E-39
           4          38   9.51229382       5.36126983E-39
           5          38   12.5681496       3.72956847E-39
           6          38   15.5469618       1.96548365E-39
           7          38   18.4303646       7.96901621E-40
           8          38   21.2005787       2.49354055E-40
           9          38   23.8405209       6.00778691E-41
          10          38   26.3339214       1.11010864E-41
          11          38   28.6653976       1.56244779E-42
          12          38   30.8205833       1.66754517E-43
          13          38   32.7861900       9.80908925E-45
          14          38   34.5500984       0.00000000    
          15          38   36.1014366       0.00000000    
          16          38   37.4306297       0.00000000    
          17          38   38.5294952       0.00000000    
          18          38   39.3912506       0.00000000    
          19          38   40.0105972       0.00000000    
          20          38   40.3837051       0.00000000    
          21          38   40.5082703       0.00000000    
          22          38   40.3835449       0.00000000    
          23          38   40.0102844       0.00000000    
          24          38   39.3907967       0.00000000    
          25          38   38.5289001       0.00000000    
          26          38   37.4299164       0.00000000    
          27          38   36.1006165       1.68155816E-43
          28          38   34.5491943      -1.01173749E-42
          29          38   32.7852249      -1.12063239E-40
          30          38   30.8195782       2.04180677E-39
          31          38   28.6643772       4.46346127E-38
          32          38   26.3329086      -6.20080176E-37
          33          38   23.8395443      -2.11869641E-35
          34          38   21.1996593      -2.34680651E-34
          35          38   18.4295311      -1.46884888E-33
          36          38   15.5462313      -5.92327783E-33
          37          38   12.5675402      -1.61977920E-32
          38          38   9.51182175      -3.04555129E-32
          39          38   6.39791250      -3.84146969E-32
          40          38   3.24500847      -2.82617935E-32
          41          38   7.25475177E-02   0.00000000    
           1          39   7.25510567E-02   0.00000000    
           2          39   3.57926083      -3.41580514E-41
           3          39   7.06434965      -5.31708689E-41
           4          39   10.5063286      -5.03332395E-41
           5          39   13.8839798      -3.41874786E-41
           6          39   17.1764774      -1.74643828E-41
           7          39   20.3635178      -6.80470534E-42
           8          39   23.4254532      -2.03188277E-42
           9          39   26.3434067      -4.61027195E-43
          10          39   29.0993843      -7.70714155E-44
          11          39   31.6763954      -7.00649232E-45
          12          39   34.0585518       0.00000000    
          13          39   36.2311668       0.00000000    
          14          39   38.1808510       0.00000000    
          15          39   39.8955765       0.00000000    
          16          39   41.3647842       0.00000000    
          17          39   42.5793953       0.00000000    
          18          39   43.5319366       0.00000000    
          19          39   44.2165375       0.00000000    
          20          39   44.6289749       0.00000000    
          21          39   44.7667007       0.00000000    
          22          39   44.6288719       0.00000000    
          23          39   44.2163429       0.00000000    
          24          39   43.5316467       0.00000000    
          25          39   42.5790176       0.00000000    
          26          39   41.3643227       0.00000000    
          27          39   39.8950539       0.00000000    
          28          39   38.1802711       0.00000000    
          29          39   36.2305450      -7.04853128E-43
          30          39   34.0578995       1.38406249E-41
          31          39   31.6757336       3.21146779E-40
          32          39   29.0987282      -4.94142680E-39
          33          39   26.3427696      -1.74147443E-37
          34          39   23.4248581      -2.00357861E-36
          35          39   20.3629780      -1.29627295E-35
          36          39   17.1760006      -5.37413001E-35
          37          39   13.8835840      -1.50286333E-34
          38          39   10.5060244      -2.87494212E-34
          39          39   7.06413984      -3.67130970E-34
          40          39   3.57915258      -2.72187232E-34
          41          39   7.25471452E-02   0.00000000    
           1          40   7.25510567E-02   0.00000000    
           2          40   3.94839716       2.88667484E-43
           3          40   7.80034733       4.41409016E-43
           4          40   11.6046505       4.11981749E-43
           5          40   15.3378563       2.74654499E-43
           6          40   18.9769440       1.34524653E-43
           7          40   22.4994793       4.62428493E-44
           8          40   25.8837395       1.12103877E-44
           9          40   29.1088657       0.00000000    
          10          40   32.1549683       0.00000000    
          11          40   35.0032692       0.00000000    
          12          40   37.6362114       0.00000000    
          13          40   40.0375557       0.00000000    
          14          40   42.1924973       0.00000000    
          15          40   44.0877533       0.00000000    
          16          40   45.7116432       0.00000000    
          17          40   47.0541496       0.00000000    
          18          40   48.1069908       0.00000000    
          19          40   48.8636932       0.00000000    
          20          40   49.3195801       0.00000000    
          21          40   49.4718361       0.00000000    
          22          40   49.3195267       0.00000000    
          23          40   48.8635979       0.00000000    
          24          40   48.1068497       0.00000000    
          25          40   47.0539627       0.00000000    
          26          40   45.7114220       0.00000000    
          27          40   44.0874977       0.00000000    
          28          40   42.1922150       0.00000000    
          29          40   40.0372467       0.00000000    
          30          40   37.6358871       7.84727140E-44
          31          40   35.0029449       2.03188277E-42
          32          40   32.1546440      -3.47073604E-41
          33          40   29.1085491      -1.26030542E-39
          34          40   25.8834438      -1.50599326E-38
          35          40   22.4992085      -1.00729235E-37
          36          40   18.9767075      -4.29400449E-37
          37          40   15.3376579      -1.22816506E-36
          38          40   11.6044998      -2.39067025E-36
          39          40   7.80024338      -3.09108236E-36
          40          40   3.94834208      -2.30952085E-36
          41          40   7.25467354E-02   0.00000000    
           1          41   7.25510567E-02   0.00000000    
           2          41   4.35627270       0.00000000    
           3          41   8.61358356       0.00000000    
           4          41   12.8182364       0.00000000    
           5          41   16.9443073       0.00000000    
           6          41   20.9663601       0.00000000    
           7          41   24.8595943       0.00000000    
           8          41   28.6000042       0.00000000    
           9          41   32.1645393       0.00000000    
          10          41   35.5312157       0.00000000    
          11          41   38.6792717       0.00000000    
          12          41   41.5893097       0.00000000    
          13          41   44.2433815       0.00000000    
          14          41   46.6251297       0.00000000    
          15          41   48.7198601       0.00000000    
          16          41   50.5146637       0.00000000    
          17          41   51.9984779       0.00000000    
          18          41   53.1621475       0.00000000    
          19          41   53.9985085       0.00000000    
          20          41   54.5023918       0.00000000    
          21          41   54.6707001       0.00000000    
          22          41   54.5023918       0.00000000    
          23          41   53.9985085       0.00000000    
          24          41   53.1621475       0.00000000    
          25          41   51.9984741       0.00000000    
          26          41   50.5146637       0.00000000    
          27          41   48.7198563       0.00000000    
          28          41   46.6251221       0.00000000    
          29          41   44.2433815       0.00000000    
          30          41   41.5893097       0.00000000    
          31          41   38.6792717       0.00000000    
          32          41   35.5312119       0.00000000    
          33          41   32.1645355       0.00000000    
          34          41   28.6000023       0.00000000    
          35          41   24.8595848       0.00000000    
          36          41   20.9663506       0.00000000    
          37          41   16.9442959       0.00000000    
          38          41   12.8182364       0.00000000    
          39          41   8.61358166       0.00000000    
          40          41   4.35626936       0.00000000    
          41          41   7.25462809E-02   0.00000000    
